(1)Decision Tree Regressor:

        scores:  [876.71682848 902.61028551 860.21017716 890.11866607 901.79466965
         887.47344919 819.6808132  889.03592585 832.31582987 966.78704942]
        Mean:  882.674369440358
        S.D:  38.73137042082344

(2)Linear Regressor:

        scores:  [783.80263444 832.76877495 775.79572856 741.31186553 816.05551603
         834.5719667  768.71139987 780.70363616 724.49613309 790.5763395 ]
        Mean:  784.8793994821551
        S.D:  34.16713548756917

(3)RFRegressor: 

        scores:  [660.32986753 734.19607806 698.29427113 693.60023645 701.41380402
         702.02444322 658.48483997 697.04882495 630.66120036 740.53404957]
        Mean:  691.6587615241433
        S.D:  32.063044964977315